round_num,time_elapsed,tick,map_name,round_time_elapsed,round_time_remaining,time_phase,t_players_alive,ct_players_alive,player_count_advantage,t_total_hp,ct_total_hp,t_avg_hp,ct_avg_hp,t_total_armor,ct_total_armor,t_equipment_value,ct_equipment_value,t_avg_equipment_value,ct_avg_equipment_value,equipment_advantage,equipment_advantage_per_player,bomb_planted,time_since_plant,time_until_explosion,bomb_being_defused,t_awp_count,ct_awp_count,awp_advantage,t_rifle_count,ct_rifle_count,rifle_advantage,winning_team,round_duration,match_id
2,10,640,de_overpass,10,105,0,5,5,0,500.0,500.0,100.0,100.0,500.0,500.0,3250,3250,650.0,650.0,0,0.0,0,0.0,0.0,0,0,0,0,0,0,0,CT,38.484375,ecstatic-vs-havu-m3-overpass
2,20,1280,de_overpass,20,95,0,5,5,0,500.0,500.0,100.0,100.0,500.0,500.0,3250,3250,650.0,650.0,0,0.0,0,0.0,0.0,0,0,0,0,0,0,0,CT,38.484375,ecstatic-vs-havu-m3-overpass
2,30,1920,de_overpass,30,85,1,5,5,0,500.0,500.0,100.0,100.0,500.0,500.0,3250,3250,650.0,650.0,0,0.0,0,0.0,0.0,0,0,0,0,0,0,0,CT,38.484375,ecstatic-vs-havu-m3-overpass
3,10,3103,de_overpass,10,105,0,6,5,1,600.0,500.0,100.0,100.0,200.0,200.0,8600,7800,1433.3333333333333,1560.0,800,-126.66666666666674,0,0.0,0.0,0,0,0,0,0,0,0,T,114.453125,ecstatic-vs-havu-m3-overpass
3,20,3743,de_overpass,20,95,0,5,5,0,500.0,500.0,100.0,100.0,0.0,0.0,1000,1000,200.0,200.0,0,0.0,0,0.0,0.0,0,0,0,0,0,0,0,T,114.453125,ecstatic-vs-havu-m3-overpass
3,30,4383,de_overpass,30,85,1,5,5,0,500.0,500.0,100.0,100.0,200.0,300.0,2800,2950,560.0,590.0,-150,-30.0,0,0.0,0.0,0,0,0,0,0,0,0,T,114.453125,ecstatic-vs-havu-m3-overpass
3,40,5023,de_overpass,40,75,1,5,5,0,500.0,500.0,100.0,100.0,400.0,400.0,4200,4200,840.0,840.0,0,0.0,0,0.0,0.0,0,0,0,0,0,0,0,T,114.453125,ecstatic-vs-havu-m3-overpass
3,50,5663,de_overpass,50,65,1,5,5,0,500.0,500.0,100.0,100.0,400.0,400.0,4200,4200,840.0,840.0,0,0.0,0,0.0,0.0,0,0,0,0,0,0,0,T,114.453125,ecstatic-vs-havu-m3-overpass
3,60,6303,de_overpass,60,55,1,5,5,0,500.0,500.0,100.0,100.0,400.0,400.0,4200,4200,840.0,840.0,0,0.0,0,0.0,0.0,0,0,0,0,0,0,0,T,114.453125,ecstatic-vs-havu-m3-overpass
3,70,6943,de_overpass,70,45,2,5,5,0,500.0,500.0,100.0,100.0,400.0,400.0,4200,4200,840.0,840.0,0,0.0,0,0.0,0.0,0,0,0,0,0,0,0,T,114.453125,ecstatic-vs-havu-m3-overpass
3,80,7583,de_overpass,80,35,2,5,5,0,500.0,500.0,100.0,100.0,400.0,400.0,4200,4200,840.0,840.0,0,0.0,0,0.0,0.0,0,0,0,0,0,0,0,T,114.453125,ecstatic-vs-havu-m3-overpass
3,90,8223,de_overpass,90,25,2,5,5,0,500.0,473.0,100.0,94.6,400.0,393.0,4200,4200,840.0,840.0,0,0.0,0,0.0,0.0,0,0,0,0,0,0,0,T,114.453125,ecstatic-vs-havu-m3-overpass
3,100,8863,de_overpass,100,15,2,5,3,2,465.0,208.0,93.0,69.33333333333333,384.0,200.0,4200,2500,840.0,833.3333333333334,1700,6.666666666666629,0,0.0,0.0,0,0,0,0,0,0,0,T,114.453125,ecstatic-vs-havu-m3-overpass
4,10,10428,de_overpass,10,105,0,5,5,0,500.0,500.0,100.0,100.0,193.0,0.0,4600,1000,920.0,200.0,3600,720.0,0,0.0,0.0,0,0,0,0,0,0,0,T,175.34375,ecstatic-vs-havu-m3-overpass
4,20,11068,de_overpass,20,95,0,5,5,0,500.0,500.0,100.0,100.0,500.0,0.0,19550,1000,3910.0,200.0,18550,3710.0,0,0.0,0.0,0,0,0,0,0,0,0,T,175.34375,ecstatic-vs-havu-m3-overpass
4,30,11708,de_overpass,30,85,1,5,5,0,500.0,500.0,100.0,100.0,500.0,0.0,19550,1000,3910.0,200.0,18550,3710.0,0,0.0,0.0,0,0,0,0,0,0,0,T,175.34375,ecstatic-vs-havu-m3-overpass
4,40,12348,de_overpass,40,75,1,5,5,0,500.0,500.0,100.0,100.0,500.0,200.0,19550,8200,3910.0,1640.0,11350,2270.0,0,0.0,0.0,0,0,0,0,0,0,0,T,175.34375,ecstatic-vs-havu-m3-overpass
4,50,12988,de_overpass,50,65,1,5,5,0,500.0,500.0,100.0,100.0,500.0,500.0,19550,12950,3910.0,2590.0,6600,1320.0,0,0.0,0.0,0,0,0,0,0,0,0,T,175.34375,ecstatic-vs-havu-m3-overpass
4,60,13628,de_overpass,60,55,1,5,5,0,500.0,500.0,100.0,100.0,500.0,500.0,19550,12950,3910.0,2590.0,6600,1320.0,0,0.0,0.0,0,0,0,0,0,0,0,T,175.34375,ecstatic-vs-havu-m3-overpass
4,70,14268,de_overpass,70,45,2,5,5,0,500.0,500.0,100.0,100.0,500.0,500.0,19550,12950,3910.0,2590.0,6600,1320.0,0,0.0,0.0,0,0,0,0,0,0,0,T,175.34375,ecstatic-vs-havu-m3-overpass
4,80,14908,de_overpass,80,35,2,5,5,0,500.0,500.0,100.0,100.0,500.0,500.0,19550,12950,3910.0,2590.0,6600,1320.0,0,0.0,0.0,0,0,0,0,0,0,0,T,175.34375,ecstatic-vs-havu-m3-overpass
4,90,15548,de_overpass,90,25,2,5,5,0,494.0,500.0,98.8,100.0,500.0,500.0,19550,12950,3910.0,2590.0,6600,1320.0,0,0.0,0.0,0,0,0,0,0,0,0,T,175.34375,ecstatic-vs-havu-m3-overpass
4,100,16188,de_overpass,100,15,2,4,5,-1,394.0,500.0,98.5,100.0,400.0,500.0,15650,12950,3912.5,2590.0,2700,1322.5,0,0.0,0.0,0,0,0,0,0,0,0,T,175.34375,ecstatic-vs-havu-m3-overpass
5,10,21650,de_overpass,10,105,0,5,5,0,500.0,500.0,100.0,100.0,261.0,100.0,13700,3350,2740.0,670.0,10350,2070.0,0,0.0,0.0,0,0,0,0,0,0,0,T,101.15625,ecstatic-vs-havu-m3-overpass
5,20,22290,de_overpass,20,95,0,5,5,0,500.0,500.0,100.0,100.0,461.0,100.0,22700,3350,4540.0,670.0,19350,3870.0,0,0.0,0.0,0,0,0,0,0,0,0,T,101.15625,ecstatic-vs-havu-m3-overpass
5,30,22930,de_overpass,30,85,1,5,5,0,500.0,500.0,100.0,100.0,461.0,100.0,21950,3950,4390.0,790.0,18000,3600.0,0,0.0,0.0,0,0,0,0,0,0,0,T,101.15625,ecstatic-vs-havu-m3-overpass
5,40,23570,de_overpass,40,75,1,5,5,0,500.0,499.0,100.0,99.8,461.0,100.0,21950,4150,4390.0,830.0,17800,3560.0,0,0.0,0.0,0,0,0,0,0,0,0,T,101.15625,ecstatic-vs-havu-m3-overpass
5,50,24210,de_overpass,50,65,1,5,5,0,500.0,499.0,100.0,99.8,461.0,100.0,21950,4150,4390.0,830.0,17800,3560.0,0,0.0,0.0,0,0,0,0,0,0,0,T,101.15625,ecstatic-vs-havu-m3-overpass
5,60,24850,de_overpass,60,55,1,3,3,0,300.0,300.0,100.0,100.0,261.0,100.0,14300,3650,4766.666666666667,1216.6666666666667,10650,3550.0,0,0.0,0.0,0,0,0,0,0,0,0,T,101.15625,ecstatic-vs-havu-m3-overpass
5,70,25490,de_overpass,70,45,2,2,2,0,163.0,112.0,81.5,56.0,160.0,100.0,9600,5350,4800.0,2675.0,4250,2125.0,0,0.0,0.0,0,0,0,0,0,0,0,T,101.15625,ecstatic-vs-havu-m3-overpass
5,80,26130,de_overpass,80,35,2,2,1,1,163.0,12.0,81.5,12.0,160.0,0.0,9600,2500,4800.0,2500.0,7100,2300.0,0,0.0,0.0,0,0,0,0,0,0,0,T,101.15625,ecstatic-vs-havu-m3-overpass
5,90,26770,de_overpass,90,25,2,2,1,1,163.0,12.0,81.5,12.0,160.0,0.0,9600,2500,4800.0,2500.0,7100,2300.0,0,0.0,0.0,0,0,0,0,0,0,0,T,101.15625,ecstatic-vs-havu-m3-overpass
5,100,27410,de_overpass,100,15,2,2,1,1,163.0,12.0,81.5,12.0,160.0,0.0,9600,2500,4800.0,2500.0,7100,2300.0,1,1.015625,38.984375,0,0,0,0,0,0,0,T,101.15625,ecstatic-vs-havu-m3-overpass
6,10,28124,de_overpass,10,105,0,5,5,0,500.0,500.0,100.0,100.0,356.0,100.0,19400,5350,3880.0,1070.0,14050,2810.0,0,0.0,0.0,0,0,0,0,0,0,0,CT,153.515625,ecstatic-vs-havu-m3-overpass
6,20,28764,de_overpass,20,95,0,5,5,0,500.0,500.0,100.0,100.0,456.0,500.0,25100,27850,5020.0,5570.0,-2750,-550.0,0,0.0,0.0,0,0,0,0,0,0,0,CT,153.515625,ecstatic-vs-havu-m3-overpass
6,30,29404,de_overpass,30,85,1,5,5,0,500.0,500.0,100.0,100.0,456.0,500.0,25000,27950,5000.0,5590.0,-2950,-590.0,0,0.0,0.0,0,0,0,0,0,0,0,CT,153.515625,ecstatic-vs-havu-m3-overpass
6,40,30044,de_overpass,40,75,1,5,5,0,500.0,500.0,100.0,100.0,456.0,500.0,25000,27950,5000.0,5590.0,-2950,-590.0,0,0.0,0.0,0,0,0,0,0,0,0,CT,153.515625,ecstatic-vs-havu-m3-overpass
6,50,30684,de_overpass,50,65,1,5,4,1,500.0,400.0,100.0,100.0,456.0,400.0,25000,21200,5000.0,5300.0,3800,-300.0,0,0.0,0.0,0,0,0,0,0,0,0,CT,153.515625,ecstatic-vs-havu-m3-overpass
6,60,31324,de_overpass,60,55,1,5,4,1,500.0,400.0,100.0,100.0,456.0,400.0,25000,21200,5000.0,5300.0,3800,-300.0,0,0.0,0.0,0,0,0,0,0,0,0,CT,153.515625,ecstatic-vs-havu-m3-overpass
6,70,31964,de_overpass,70,45,2,5,4,1,500.0,400.0,100.0,100.0,456.0,400.0,25000,21200,5000.0,5300.0,3800,-300.0,0,0.0,0.0,0,0,0,0,0,0,0,CT,153.515625,ecstatic-vs-havu-m3-overpass
6,80,32604,de_overpass,80,35,2,4,4,0,400.0,373.0,100.0,93.25,356.0,397.0,20000,21200,5000.0,5300.0,-1200,-300.0,0,0.0,0.0,0,0,0,0,0,0,0,CT,153.515625,ecstatic-vs-havu-m3-overpass
6,90,33244,de_overpass,90,25,2,2,3,-1,191.0,300.0,95.5,100.0,181.0,300.0,10000,15800,5000.0,5266.666666666667,-5800,-266.66666666666697,0,0.0,0.0,0,0,0,0,0,0,0,CT,153.515625,ecstatic-vs-havu-m3-overpass
6,100,33884,de_overpass,100,15,2,2,3,-1,191.0,300.0,95.5,100.0,181.0,300.0,10000,15800,5000.0,5266.666666666667,-5800,-266.66666666666697,0,0.0,0.0,0,0,0,0,0,0,0,CT,153.515625,ecstatic-vs-havu-m3-overpass
7,10,37949,de_overpass,10,105,0,5,5,0,500.0,500.0,100.0,100.0,0.0,100.0,1000,5300,200.0,1060.0,-4300,-860.0,0,0.0,0.0,0,0,0,0,0,0,0,T,178.671875,ecstatic-vs-havu-m3-overpass
7,20,38589,de_overpass,20,95,0,5,5,0,500.0,500.0,100.0,100.0,200.0,400.0,12800,21400,2560.0,4280.0,-8600,-1720.0,0,0.0,0.0,0,0,0,0,0,0,0,T,178.671875,ecstatic-vs-havu-m3-overpass
7,30,39229,de_overpass,30,85,1,5,5,0,500.0,500.0,100.0,100.0,400.0,500.0,18950,25700,3790.0,5140.0,-6750,-1350.0,0,0.0,0.0,0,0,0,0,0,0,0,T,178.671875,ecstatic-vs-havu-m3-overpass
7,40,39869,de_overpass,40,75,1,5,5,0,500.0,500.0,100.0,100.0,400.0,500.0,20750,25700,4150.0,5140.0,-4950,-990.0,0,0.0,0.0,0,0,0,0,0,0,0,T,178.671875,ecstatic-vs-havu-m3-overpass
7,50,40509,de_overpass,50,65,1,5,5,0,500.0,500.0,100.0,100.0,400.0,500.0,20650,26000,4130.0,5200.0,-5350,-1070.0,0,0.0,0.0,0,0,0,0,0,0,0,T,178.671875,ecstatic-vs-havu-m3-overpass
7,60,41149,de_overpass,60,55,1,5,5,0,500.0,500.0,100.0,100.0,500.0,500.0,23350,26000,4670.0,5200.0,-2650,-530.0,0,0.0,0.0,0,0,0,0,0,0,0,T,178.671875,ecstatic-vs-havu-m3-overpass
7,70,41789,de_overpass,70,45,2,5,5,0,500.0,500.0,100.0,100.0,500.0,500.0,23350,26000,4670.0,5200.0,-2650,-530.0,0,0.0,0.0,0,0,0,0,0,0,0,T,178.671875,ecstatic-vs-havu-m3-overpass
7,80,42429,de_overpass,80,35,2,5,5,0,500.0,500.0,100.0,100.0,500.0,500.0,23350,25700,4670.0,5140.0,-2350,-470.0,0,0.0,0.0,0,0,0,0,0,0,0,T,178.671875,ecstatic-vs-havu-m3-overpass
7,90,43069,de_overpass,90,25,2,5,5,0,500.0,500.0,100.0,100.0,500.0,500.0,23350,25700,4670.0,5140.0,-2350,-470.0,0,0.0,0.0,0,0,0,0,0,0,0,T,178.671875,ecstatic-vs-havu-m3-overpass
7,100,43709,de_overpass,100,15,2,5,5,0,500.0,500.0,100.0,100.0,500.0,500.0,23350,25700,4670.0,5140.0,-2350,-470.0,0,0.0,0.0,0,0,0,0,0,0,0,T,178.671875,ecstatic-vs-havu-m3-overpass
8,10,49384,de_overpass,10,105,0,5,5,0,500.0,500.0,100.0,100.0,344.0,200.0,18300,8950,3660.0,1790.0,9350,1870.0,0,0.0,0.0,0,0,0,0,0,0,0,T,140.09375,ecstatic-vs-havu-m3-overpass
8,20,50024,de_overpass,20,95,0,5,5,0,500.0,500.0,100.0,100.0,444.0,200.0,26550,9750,5310.0,1950.0,16800,3360.0,0,0.0,0.0,0,0,0,0,0,0,0,T,140.09375,ecstatic-vs-havu-m3-overpass
8,30,50664,de_overpass,30,85,1,5,5,0,500.0,500.0,100.0,100.0,444.0,300.0,27550,11300,5510.0,2260.0,16250,3250.0,0,0.0,0.0,0,0,0,0,0,0,0,T,140.09375,ecstatic-vs-havu-m3-overpass
8,40,51304,de_overpass,40,75,1,5,5,0,493.0,500.0,98.6,100.0,444.0,300.0,27550,11300,5510.0,2260.0,16250,3250.0,0,0.0,0.0,0,0,0,0,0,0,0,T,140.09375,ecstatic-vs-havu-m3-overpass
8,50,51944,de_overpass,50,65,1,5,5,0,493.0,500.0,98.6,100.0,444.0,300.0,27550,11300,5510.0,2260.0,16250,3250.0,0,0.0,0.0,0,0,0,0,0,0,0,T,140.09375,ecstatic-vs-havu-m3-overpass
8,60,52584,de_overpass,60,55,1,4,5,-1,400.0,500.0,100.0,100.0,344.0,300.0,22350,14200,5587.5,2840.0,8150,2747.5,0,0.0,0.0,0,0,0,0,0,0,0,T,140.09375,ecstatic-vs-havu-m3-overpass
8,70,53224,de_overpass,70,45,2,3,5,-2,300.0,500.0,100.0,100.0,264.0,300.0,17250,14200,5750.0,2840.0,3050,2910.0,0,0.0,0.0,0,0,0,0,0,0,0,T,140.09375,ecstatic-vs-havu-m3-overpass
8,80,53864,de_overpass,80,35,2,3,4,-1,300.0,400.0,100.0,100.0,264.0,200.0,17250,9400,5750.0,2350.0,7850,3400.0,0,0.0,0.0,0,0,0,0,0,0,0,T,140.09375,ecstatic-vs-havu-m3-overpass
8,90,54504,de_overpass,90,25,2,3,3,0,300.0,300.0,100.0,100.0,264.0,200.0,17250,8900,5750.0,2966.6666666666665,8350,2783.3333333333335,0,0.0,0.0,0,0,0,0,0,0,0,T,140.09375,ecstatic-vs-havu-m3-overpass
8,100,55144,de_overpass,100,15,2,3,2,1,199.0,200.0,66.33333333333333,100.0,244.0,100.0,16450,4750,5483.333333333333,2375.0,11700,3108.333333333333,1,0.90625,39.09375,0,0,0,0,0,0,0,T,140.09375,ecstatic-vs-havu-m3-overpass
9,10,58350,de_overpass,10,105,0,5,5,0,500.0,500.0,100.0,100.0,223.0,200.0,18150,15750,3630.0,3150.0,2400,480.0,0,0.0,0.0,0,0,0,0,0,0,0,CT,173.984375,ecstatic-vs-havu-m3-overpass
9,20,58990,de_overpass,20,95,0,5,5,0,500.0,500.0,100.0,100.0,423.0,500.0,27350,26900,5470.0,5380.0,450,90.0,0,0.0,0.0,0,0,0,0,0,0,0,CT,173.984375,ecstatic-vs-havu-m3-overpass
9,30,59630,de_overpass,30,85,1,5,5,0,500.0,500.0,100.0,100.0,423.0,500.0,27150,26800,5430.0,5360.0,350,70.0,0,0.0,0.0,0,0,0,0,0,0,0,CT,173.984375,ecstatic-vs-havu-m3-overpass
9,40,60270,de_overpass,40,75,1,5,5,0,500.0,500.0,100.0,100.0,423.0,500.0,27150,26800,5430.0,5360.0,350,70.0,0,0.0,0.0,0,0,0,0,0,0,0,CT,173.984375,ecstatic-vs-havu-m3-overpass
9,50,60910,de_overpass,50,65,1,5,5,0,500.0,500.0,100.0,100.0,423.0,500.0,27150,26800,5430.0,5360.0,350,70.0,0,0.0,0.0,0,0,0,0,0,0,0,CT,173.984375,ecstatic-vs-havu-m3-overpass
9,60,61550,de_overpass,60,55,1,5,5,0,500.0,500.0,100.0,100.0,423.0,500.0,27150,26800,5430.0,5360.0,350,70.0,0,0.0,0.0,0,0,0,0,0,0,0,CT,173.984375,ecstatic-vs-havu-m3-overpass
9,70,62190,de_overpass,70,45,2,5,5,0,500.0,500.0,100.0,100.0,423.0,500.0,27150,26800,5430.0,5360.0,350,70.0,0,0.0,0.0,0,0,0,0,0,0,0,CT,173.984375,ecstatic-vs-havu-m3-overpass
9,80,62830,de_overpass,80,35,2,5,5,0,500.0,500.0,100.0,100.0,423.0,500.0,26750,26800,5350.0,5360.0,-50,-10.0,0,0.0,0.0,0,0,0,0,0,0,0,CT,173.984375,ecstatic-vs-havu-m3-overpass
9,90,63470,de_overpass,90,25,2,4,5,-1,400.0,500.0,100.0,100.0,363.0,500.0,21750,26000,5437.5,5200.0,-4250,237.5,0,0.0,0.0,0,0,0,0,0,0,0,CT,173.984375,ecstatic-vs-havu-m3-overpass
9,100,64110,de_overpass,100,15,2,4,5,-1,400.0,500.0,100.0,100.0,363.0,500.0,21750,26000,5437.5,5200.0,-4250,237.5,0,0.0,0.0,0,0,0,0,0,0,0,CT,173.984375,ecstatic-vs-havu-m3-overpass
10,10,69485,de_overpass,10,105,0,5,5,0,500.0,500.0,100.0,100.0,0.0,96.0,1000,12200,200.0,2440.0,-11200,-2240.0,0,0.0,0.0,0,0,0,0,0,0,0,CT,93.453125,ecstatic-vs-havu-m3-overpass
10,20,70125,de_overpass,20,95,0,5,5,0,500.0,500.0,100.0,100.0,200.0,396.0,11200,22350,2240.0,4470.0,-11150,-2230.0,0,0.0,0.0,0,0,0,0,0,0,0,CT,93.453125,ecstatic-vs-havu-m3-overpass
10,30,70765,de_overpass,30,85,1,5,5,0,500.0,500.0,100.0,100.0,500.0,496.0,17100,28400,3420.0,5680.0,-11300,-2260.0,0,0.0,0.0,0,0,0,0,0,0,0,CT,93.453125,ecstatic-vs-havu-m3-overpass
10,40,71405,de_overpass,40,75,1,5,5,0,500.0,500.0,100.0,100.0,500.0,496.0,17100,28400,3420.0,5680.0,-11300,-2260.0,0,0.0,0.0,0,0,0,0,0,0,0,CT,93.453125,ecstatic-vs-havu-m3-overpass
10,50,72045,de_overpass,50,65,1,5,5,0,499.0,500.0,99.8,100.0,500.0,496.0,17100,27900,3420.0,5580.0,-10800,-2160.0,0,0.0,0.0,0,0,0,0,0,0,0,CT,93.453125,ecstatic-vs-havu-m3-overpass
10,60,72685,de_overpass,60,55,1,4,5,-1,361.0,500.0,90.25,100.0,374.0,496.0,15300,27900,3825.0,5580.0,-12600,-1755.0,0,0.0,0.0,0,0,0,0,0,0,0,CT,93.453125,ecstatic-vs-havu-m3-overpass
10,70,73325,de_overpass,70,45,2,3,3,0,213.0,300.0,71.0,100.0,264.0,300.0,11850,16300,3950.0,5433.333333333333,-4450,-1483.333333333333,0,0.0,0.0,0,0,0,0,0,0,0,CT,93.453125,ecstatic-vs-havu-m3-overpass
10,80,73965,de_overpass,80,35,2,1,3,-2,100.0,300.0,100.0,100.0,100.0,300.0,4250,16300,4250.0,5433.333333333333,-12050,-1183.333333333333,1,6.875,33.125,0,0,0,0,0,0,0,CT,93.453125,ecstatic-vs-havu-m3-overpass
10,90,74605,de_overpass,90,25,2,0,3,-3,0.0,276.0,0.0,92.0,0.0,295.0,0,15900,0.0,5300.0,-15900,-5300.0,1,16.875,23.125,0,0,0,0,0,0,0,CT,93.453125,ecstatic-vs-havu-m3-overpass
11,10,75466,de_overpass,10,105,0,5,5,0,500.0,500.0,100.0,100.0,300.0,295.0,14650,18350,2930.0,3670.0,-3700,-740.0,0,0.0,0.0,0,0,0,0,0,0,0,CT,142.0,ecstatic-vs-havu-m3-overpass
11,20,76106,de_overpass,20,95,0,5,5,0,500.0,500.0,100.0,100.0,500.0,495.0,25050,30550,5010.0,6110.0,-5500,-1100.0,0,0.0,0.0,0,0,0,0,0,0,0,CT,142.0,ecstatic-vs-havu-m3-overpass
11,30,76746,de_overpass,30,85,1,5,5,0,500.0,500.0,100.0,100.0,500.0,495.0,25050,30450,5010.0,6090.0,-5400,-1080.0,0,0.0,0.0,0,0,0,0,0,0,0,CT,142.0,ecstatic-vs-havu-m3-overpass
11,40,77386,de_overpass,40,75,1,5,5,0,500.0,500.0,100.0,100.0,500.0,495.0,25050,30450,5010.0,6090.0,-5400,-1080.0,0,0.0,0.0,0,0,0,0,0,0,0,CT,142.0,ecstatic-vs-havu-m3-overpass
11,50,78026,de_overpass,50,65,1,5,5,0,500.0,500.0,100.0,100.0,500.0,495.0,25050,30450,5010.0,6090.0,-5400,-1080.0,0,0.0,0.0,0,0,0,0,0,0,0,CT,142.0,ecstatic-vs-havu-m3-overpass
11,60,78666,de_overpass,60,55,1,4,5,-1,400.0,500.0,100.0,100.0,400.0,495.0,20050,30450,5012.5,6090.0,-10400,-1077.5,0,0.0,0.0,0,0,0,0,0,0,0,CT,142.0,ecstatic-vs-havu-m3-overpass
11,70,79306,de_overpass,70,45,2,2,5,-3,200.0,500.0,100.0,100.0,200.0,495.0,10100,30450,5050.0,6090.0,-20350,-1040.0,0,0.0,0.0,0,0,0,0,0,0,0,CT,142.0,ecstatic-vs-havu-m3-overpass
11,80,79946,de_overpass,80,35,2,2,5,-3,200.0,500.0,100.0,100.0,200.0,495.0,10100,30450,5050.0,6090.0,-20350,-1040.0,0,0.0,0.0,0,0,0,0,0,0,0,CT,142.0,ecstatic-vs-havu-m3-overpass
11,90,80586,de_overpass,90,25,2,1,4,-3,100.0,400.0,100.0,100.0,100.0,395.0,5100,22800,5100.0,5700.0,-17700,-600.0,0,0.0,0.0,0,0,0,0,0,0,0,CT,142.0,ecstatic-vs-havu-m3-overpass
11,100,81226,de_overpass,100,15,2,1,4,-3,100.0,400.0,100.0,100.0,100.0,395.0,5100,22800,5100.0,5700.0,-17700,-600.0,0,0.0,0.0,0,0,0,0,0,0,0,CT,142.0,ecstatic-vs-havu-m3-overpass
12,10,84554,de_overpass,10,105,0,5,5,0,500.0,500.0,100.0,100.0,100.0,395.0,5500,27250,1100.0,5450.0,-21750,-4350.0,0,0.0,0.0,0,0,0,0,0,0,0,CT,107.203125,ecstatic-vs-havu-m3-overpass
12,20,85194,de_overpass,20,95,0,5,5,0,500.0,500.0,100.0,100.0,100.0,495.0,5900,30150,1180.0,6030.0,-24250,-4850.0,0,0.0,0.0,0,0,0,0,0,0,0,CT,107.203125,ecstatic-vs-havu-m3-overpass
12,30,85834,de_overpass,30,85,1,5,5,0,500.0,500.0,100.0,100.0,100.0,495.0,9000,30150,1800.0,6030.0,-21150,-4230.0,0,0.0,0.0,0,0,0,0,0,0,0,CT,107.203125,ecstatic-vs-havu-m3-overpass
12,40,86474,de_overpass,40,75,1,5,5,0,418.0,500.0,83.6,100.0,100.0,495.0,8700,30050,1740.0,6010.0,-21350,-4270.0,0,0.0,0.0,0,0,0,0,0,0,0,CT,107.203125,ecstatic-vs-havu-m3-overpass
12,50,87114,de_overpass,50,65,1,5,5,0,418.0,464.0,83.6,92.8,100.0,494.0,8700,30050,1740.0,6010.0,-21350,-4270.0,0,0.0,0.0,0,0,0,0,0,0,0,CT,107.203125,ecstatic-vs-havu-m3-overpass
12,60,87754,de_overpass,60,55,1,4,3,1,334.0,300.0,83.5,100.0,100.0,300.0,15550,16800,3887.5,5600.0,-1250,-1712.5,0,0.0,0.0,0,0,0,0,0,0,0,CT,107.203125,ecstatic-vs-havu-m3-overpass
12,70,88394,de_overpass,70,45,2,4,3,1,334.0,300.0,83.5,100.0,100.0,300.0,15450,16800,3862.5,5600.0,-1350,-1737.5,0,0.0,0.0,0,0,0,0,0,0,0,CT,107.203125,ecstatic-vs-havu-m3-overpass
12,80,89034,de_overpass,80,35,2,4,3,1,334.0,300.0,83.5,100.0,100.0,300.0,15450,16800,3862.5,5600.0,-1350,-1737.5,0,0.0,0.0,0,0,0,0,0,0,0,CT,107.203125,ecstatic-vs-havu-m3-overpass
12,90,89674,de_overpass,90,25,2,4,3,1,334.0,300.0,83.5,100.0,100.0,300.0,15450,16800,3862.5,5600.0,-1350,-1737.5,0,0.0,0.0,0,0,0,0,0,0,0,CT,107.203125,ecstatic-vs-havu-m3-overpass
12,100,90314,de_overpass,100,15,2,2,3,-1,49.0,300.0,24.5,100.0,73.0,300.0,10350,16800,5175.0,5600.0,-6450,-425.0,0,0.0,0.0,0,0,0,0,0,0,0,CT,107.203125,ecstatic-vs-havu-m3-overpass
13,10,91415,de_overpass,10,105,0,5,5,0,500.0,500.0,100.0,100.0,0.0,492.0,1000,23500,200.0,4700.0,-22500,-4500.0,0,0.0,0.0,0,0,0,0,0,0,0,CT,161.65625,ecstatic-vs-havu-m3-overpass
13,20,92055,de_overpass,20,95,0,5,5,0,500.0,500.0,100.0,100.0,300.0,492.0,15500,30650,3100.0,6130.0,-15150,-3030.0,0,0.0,0.0,0,0,0,0,0,0,0,CT,161.65625,ecstatic-vs-havu-m3-overpass
13,30,92695,de_overpass,30,85,1,5,5,0,500.0,500.0,100.0,100.0,500.0,492.0,22350,30650,4470.0,6130.0,-8300,-1660.0,0,0.0,0.0,0,0,0,0,0,0,0,CT,161.65625,ecstatic-vs-havu-m3-overpass
13,40,93335,de_overpass,40,75,1,5,5,0,500.0,500.0,100.0,100.0,500.0,492.0,22750,30650,4550.0,6130.0,-7900,-1580.0,0,0.0,0.0,0,0,0,0,0,0,0,CT,161.65625,ecstatic-vs-havu-m3-overpass
13,50,93975,de_overpass,50,65,1,5,5,0,500.0,500.0,100.0,100.0,500.0,492.0,22750,30650,4550.0,6130.0,-7900,-1580.0,0,0.0,0.0,0,0,0,0,0,0,0,CT,161.65625,ecstatic-vs-havu-m3-overpass
13,60,94615,de_overpass,60,55,1,5,5,0,500.0,500.0,100.0,100.0,500.0,492.0,22750,30550,4550.0,6110.0,-7800,-1560.0,0,0.0,0.0,0,0,0,0,0,0,0,CT,161.65625,ecstatic-vs-havu-m3-overpass
13,70,95255,de_overpass,70,45,2,5,5,0,500.0,500.0,100.0,100.0,500.0,492.0,22750,30550,4550.0,6110.0,-7800,-1560.0,0,0.0,0.0,0,0,0,0,0,0,0,CT,161.65625,ecstatic-vs-havu-m3-overpass
13,80,95895,de_overpass,80,35,2,5,5,0,421.0,500.0,84.2,100.0,500.0,492.0,22750,30550,4550.0,6110.0,-7800,-1560.0,0,0.0,0.0,0,0,0,0,0,0,0,CT,161.65625,ecstatic-vs-havu-m3-overpass
13,90,96535,de_overpass,90,25,2,5,5,0,421.0,500.0,84.2,100.0,500.0,492.0,23150,29750,4630.0,5950.0,-6600,-1320.0,0,0.0,0.0,0,0,0,0,0,0,0,CT,161.65625,ecstatic-vs-havu-m3-overpass
13,100,97175,de_overpass,100,15,2,5,5,0,421.0,500.0,84.2,100.0,500.0,492.0,23150,29450,4630.0,5890.0,-6300,-1260.0,0,0.0,0.0,0,0,0,0,0,0,0,CT,161.65625,ecstatic-vs-havu-m3-overpass
14,10,101761,de_overpass,10,105,0,5,5,0,500.0,500.0,100.0,100.0,300.0,200.0,13300,15350,2660.0,3070.0,-2050,-410.0,0,0.0,0.0,0,0,0,0,0,0,0,T,119.21875,ecstatic-vs-havu-m3-overpass
14,20,102401,de_overpass,20,95,0,5,5,0,500.0,500.0,100.0,100.0,500.0,500.0,22800,31450,4560.0,6290.0,-8650,-1730.0,0,0.0,0.0,0,0,0,0,0,0,0,T,119.21875,ecstatic-vs-havu-m3-overpass
14,30,103041,de_overpass,30,85,1,5,5,0,500.0,500.0,100.0,100.0,500.0,500.0,22800,31850,4560.0,6370.0,-9050,-1810.0,0,0.0,0.0,0,0,0,0,0,0,0,T,119.21875,ecstatic-vs-havu-m3-overpass
14,40,103681,de_overpass,40,75,1,5,5,0,500.0,500.0,100.0,100.0,500.0,500.0,22800,31850,4560.0,6370.0,-9050,-1810.0,0,0.0,0.0,0,0,0,0,0,0,0,T,119.21875,ecstatic-vs-havu-m3-overpass
14,50,104321,de_overpass,50,65,1,5,5,0,500.0,500.0,100.0,100.0,500.0,500.0,22800,31950,4560.0,6390.0,-9150,-1830.0,0,0.0,0.0,0,0,0,0,0,0,0,T,119.21875,ecstatic-vs-havu-m3-overpass
14,60,104961,de_overpass,60,55,1,5,4,1,500.0,400.0,100.0,100.0,500.0,400.0,22800,24950,4560.0,6237.5,-2150,-1677.5,0,0.0,0.0,0,0,0,0,0,0,0,T,119.21875,ecstatic-vs-havu-m3-overpass
14,70,105601,de_overpass,70,45,2,5,4,1,500.0,400.0,100.0,100.0,500.0,400.0,22800,24950,4560.0,6237.5,-2150,-1677.5,0,0.0,0.0,0,0,0,0,0,0,0,T,119.21875,ecstatic-vs-havu-m3-overpass
14,80,106241,de_overpass,80,35,2,5,4,1,500.0,400.0,100.0,100.0,500.0,400.0,22800,24950,4560.0,6237.5,-2150,-1677.5,0,0.0,0.0,0,0,0,0,0,0,0,T,119.21875,ecstatic-vs-havu-m3-overpass
14,90,106881,de_overpass,90,25,2,5,4,1,500.0,400.0,100.0,100.0,500.0,400.0,22800,24950,4560.0,6237.5,-2150,-1677.5,0,0.0,0.0,0,0,0,0,0,0,0,T,119.21875,ecstatic-vs-havu-m3-overpass
14,100,107521,de_overpass,100,15,2,5,2,3,500.0,200.0,100.0,100.0,500.0,200.0,22300,11700,4460.0,5850.0,10600,-1390.0,0,0.0,0.0,0,0,0,0,0,0,0,T,119.21875,ecstatic-vs-havu-m3-overpass
15,10,109391,de_overpass,10,105,0,5,5,0,500.0,500.0,100.0,100.0,0.0,0.0,1000,1000,200.0,200.0,0,0.0,0,0.0,0.0,0,0,0,0,0,0,0,CT,141.109375,ecstatic-vs-havu-m3-overpass
15,20,110031,de_overpass,20,95,0,5,5,0,500.0,500.0,100.0,100.0,0.0,100.0,1000,1650,200.0,330.0,-650,-130.0,0,0.0,0.0,0,0,0,0,0,0,0,CT,141.109375,ecstatic-vs-havu-m3-overpass
15,30,110671,de_overpass,30,85,1,5,5,0,500.0,500.0,100.0,100.0,100.0,400.0,2850,4200,570.0,840.0,-1350,-270.0,0,0.0,0.0,0,0,0,0,0,0,0,CT,141.109375,ecstatic-vs-havu-m3-overpass
15,40,111311,de_overpass,40,75,1,5,5,0,500.0,500.0,100.0,100.0,300.0,400.0,4450,4200,890.0,840.0,250,50.0,0,0.0,0.0,0,0,0,0,0,0,0,CT,141.109375,ecstatic-vs-havu-m3-overpass
15,50,111951,de_overpass,50,65,1,5,5,0,500.0,500.0,100.0,100.0,300.0,400.0,4450,4200,890.0,840.0,250,50.0,0,0.0,0.0,0,0,0,0,0,0,0,CT,141.109375,ecstatic-vs-havu-m3-overpass
15,60,112591,de_overpass,60,55,1,5,5,0,500.0,500.0,100.0,100.0,300.0,400.0,4450,4200,890.0,840.0,250,50.0,0,0.0,0.0,0,0,0,0,0,0,0,CT,141.109375,ecstatic-vs-havu-m3-overpass
15,70,113231,de_overpass,70,45,2,5,5,0,500.0,500.0,100.0,100.0,300.0,400.0,4450,4200,890.0,840.0,250,50.0,0,0.0,0.0,0,0,0,0,0,0,0,CT,141.109375,ecstatic-vs-havu-m3-overpass
15,80,113871,de_overpass,80,35,2,5,5,0,500.0,500.0,100.0,100.0,300.0,400.0,4450,4200,890.0,840.0,250,50.0,0,0.0,0.0,0,0,0,0,0,0,0,CT,141.109375,ecstatic-vs-havu-m3-overpass
15,90,114511,de_overpass,90,25,2,4,4,0,400.0,400.0,100.0,100.0,200.0,300.0,3500,3350,875.0,837.5,150,37.5,0,0.0,0.0,0,0,0,0,0,0,0,CT,141.109375,ecstatic-vs-havu-m3-overpass
15,100,115151,de_overpass,100,15,2,3,3,0,243.0,289.0,81.0,96.33333333333333,100.0,194.0,2650,2400,883.3333333333334,800.0,250,83.33333333333337,0,0.0,0.0,0,0,0,0,0,0,0,CT,141.109375,ecstatic-vs-havu-m3-overpass
16,10,118422,de_overpass,10,105,0,5,5,0,500.0,500.0,100.0,100.0,0.0,200.0,1000,6600,200.0,1320.0,-5600,-1120.0,0,0.0,0.0,0,0,0,0,0,0,0,CT,77.3125,ecstatic-vs-havu-m3-overpass
16,20,119062,de_overpass,20,95,0,5,5,0,500.0,500.0,100.0,100.0,0.0,500.0,1000,18700,200.0,3740.0,-17700,-3540.0,0,0.0,0.0,0,0,0,0,0,0,0,CT,77.3125,ecstatic-vs-havu-m3-overpass
16,30,119702,de_overpass,30,85,1,5,5,0,500.0,500.0,100.0,100.0,0.0,500.0,1000,20350,200.0,4070.0,-19350,-3870.0,0,0.0,0.0,0,0,0,0,0,0,0,CT,77.3125,ecstatic-vs-havu-m3-overpass
16,40,120342,de_overpass,40,75,1,5,5,0,500.0,500.0,100.0,100.0,0.0,500.0,1000,20350,200.0,4070.0,-19350,-3870.0,0,0.0,0.0,0,0,0,0,0,0,0,CT,77.3125,ecstatic-vs-havu-m3-overpass
16,50,120982,de_overpass,50,65,1,5,5,0,500.0,500.0,100.0,100.0,0.0,500.0,1000,20350,200.0,4070.0,-19350,-3870.0,0,0.0,0.0,0,0,0,0,0,0,0,CT,77.3125,ecstatic-vs-havu-m3-overpass
16,60,121622,de_overpass,60,55,1,4,5,-1,400.0,500.0,100.0,100.0,0.0,500.0,800,20350,200.0,4070.0,-19550,-3870.0,0,0.0,0.0,0,0,0,0,0,0,0,CT,77.3125,ecstatic-vs-havu-m3-overpass
16,70,122262,de_overpass,70,45,2,3,4,-1,224.0,382.0,74.66666666666667,95.5,0.0,391.0,600,15450,200.0,3862.5,-14850,-3662.5,0,0.0,0.0,0,0,0,0,0,0,0,CT,77.3125,ecstatic-vs-havu-m3-overpass
17,10,123370,de_overpass,10,105,0,5,5,0,500.0,500.0,100.0,100.0,200.0,460.0,9100,22250,1820.0,4450.0,-13150,-2630.0,0,0.0,0.0,0,0,0,0,0,0,0,T,144.984375,ecstatic-vs-havu-m3-overpass
17,20,124010,de_overpass,20,95,0,5,5,0,500.0,500.0,100.0,100.0,500.0,460.0,23800,25450,4760.0,5090.0,-1650,-330.0,0,0.0,0.0,0,0,0,0,0,0,0,T,144.984375,ecstatic-vs-havu-m3-overpass
17,30,124650,de_overpass,30,85,1,5,5,0,500.0,500.0,100.0,100.0,500.0,460.0,23900,26150,4780.0,5230.0,-2250,-450.0,0,0.0,0.0,0,0,0,0,0,0,0,T,144.984375,ecstatic-vs-havu-m3-overpass
17,40,125290,de_overpass,40,75,1,5,5,0,500.0,500.0,100.0,100.0,500.0,460.0,23900,26150,4780.0,5230.0,-2250,-450.0,0,0.0,0.0,0,0,0,0,0,0,0,T,144.984375,ecstatic-vs-havu-m3-overpass
17,50,125930,de_overpass,50,65,1,5,5,0,500.0,500.0,100.0,100.0,500.0,460.0,23900,26150,4780.0,5230.0,-2250,-450.0,0,0.0,0.0,0,0,0,0,0,0,0,T,144.984375,ecstatic-vs-havu-m3-overpass
17,60,126570,de_overpass,60,55,1,5,5,0,500.0,500.0,100.0,100.0,500.0,460.0,23900,26150,4780.0,5230.0,-2250,-450.0,0,0.0,0.0,0,0,0,0,0,0,0,T,144.984375,ecstatic-vs-havu-m3-overpass
17,70,127210,de_overpass,70,45,2,5,5,0,482.0,500.0,96.4,100.0,488.0,460.0,23000,26150,4600.0,5230.0,-3150,-630.0,0,0.0,0.0,0,0,0,0,0,0,0,T,144.984375,ecstatic-vs-havu-m3-overpass
17,80,127850,de_overpass,80,35,2,5,5,0,482.0,500.0,96.4,100.0,488.0,460.0,23000,26150,4600.0,5230.0,-3150,-630.0,0,0.0,0.0,0,0,0,0,0,0,0,T,144.984375,ecstatic-vs-havu-m3-overpass
17,90,128490,de_overpass,90,25,2,5,5,0,482.0,500.0,96.4,100.0,488.0,460.0,23000,26150,4600.0,5230.0,-3150,-630.0,0,0.0,0.0,0,0,0,0,0,0,0,T,144.984375,ecstatic-vs-havu-m3-overpass
17,100,129130,de_overpass,100,15,2,5,5,0,457.0,500.0,91.4,100.0,483.0,460.0,22000,26150,4400.0,5230.0,-4150,-830.0,0,0.0,0.0,0,0,0,0,0,0,0,T,144.984375,ecstatic-vs-havu-m3-overpass
18,10,132649,de_overpass,10,105,0,5,5,0,500.0,500.0,100.0,100.0,275.0,0.0,16200,1000,3240.0,200.0,15200,3040.0,0,0.0,0.0,0,0,0,0,0,0,0,CT,105.5,ecstatic-vs-havu-m3-overpass
18,20,133289,de_overpass,20,95,0,5,5,0,500.0,500.0,100.0,100.0,375.0,400.0,18550,13300,3710.0,2660.0,5250,1050.0,0,0.0,0.0,0,0,0,0,0,0,0,CT,105.5,ecstatic-vs-havu-m3-overpass
18,30,133929,de_overpass,30,85,1,5,5,0,500.0,500.0,100.0,100.0,475.0,400.0,25600,17950,5120.0,3590.0,7650,1530.0,0,0.0,0.0,0,0,0,0,0,0,0,CT,105.5,ecstatic-vs-havu-m3-overpass
18,40,134569,de_overpass,40,75,1,5,5,0,500.0,500.0,100.0,100.0,475.0,400.0,25600,17950,5120.0,3590.0,7650,1530.0,0,0.0,0.0,0,0,0,0,0,0,0,CT,105.5,ecstatic-vs-havu-m3-overpass
18,50,135209,de_overpass,50,65,1,5,5,0,416.0,426.0,83.2,85.2,474.0,400.0,25600,17950,5120.0,3590.0,7650,1530.0,0,0.0,0.0,0,0,0,0,0,0,0,CT,105.5,ecstatic-vs-havu-m3-overpass
18,60,135849,de_overpass,60,55,1,5,5,0,416.0,421.0,83.2,84.2,474.0,400.0,24500,17950,4900.0,3590.0,6550,1310.0,0,0.0,0.0,0,0,0,0,0,0,0,CT,105.5,ecstatic-vs-havu-m3-overpass
18,70,136489,de_overpass,70,45,2,5,5,0,416.0,421.0,83.2,84.2,474.0,400.0,24500,17950,4900.0,3590.0,6550,1310.0,0,0.0,0.0,0,0,0,0,0,0,0,CT,105.5,ecstatic-vs-havu-m3-overpass
18,80,137129,de_overpass,80,35,2,5,5,0,416.0,421.0,83.2,84.2,474.0,400.0,24500,17950,4900.0,3590.0,6550,1310.0,0,0.0,0.0,0,0,0,0,0,0,0,CT,105.5,ecstatic-vs-havu-m3-overpass
18,90,137769,de_overpass,90,25,2,3,4,-1,173.0,285.0,57.666666666666664,71.25,289.0,300.0,16150,13550,5383.333333333333,3387.5,2600,1995.833333333333,0,0.0,0.0,0,0,0,0,0,0,0,CT,105.5,ecstatic-vs-havu-m3-overpass
18,100,138409,de_overpass,100,15,2,3,4,-1,133.0,276.0,44.333333333333336,69.0,288.0,294.0,15850,13550,5283.333333333333,3387.5,2300,1895.833333333333,0,0.0,0.0,0,0,0,0,0,0,0,CT,105.5,ecstatic-vs-havu-m3-overpass
19,10,139401,de_overpass,10,105,0,5,5,0,500.0,500.0,100.0,100.0,0.0,300.0,1000,15650,200.0,3130.0,-14650,-2930.0,0,0.0,0.0,0,0,0,0,0,0,0,CT,109.109375,ecstatic-vs-havu-m3-overpass
19,20,140041,de_overpass,20,95,0,5,5,0,500.0,500.0,100.0,100.0,0.0,500.0,1000,27250,200.0,5450.0,-26250,-5250.0,0,0.0,0.0,0,0,0,0,0,0,0,CT,109.109375,ecstatic-vs-havu-m3-overpass
19,30,140681,de_overpass,30,85,1,5,5,0,500.0,500.0,100.0,100.0,0.0,500.0,1500,27250,300.0,5450.0,-25750,-5150.0,0,0.0,0.0,0,0,0,0,0,0,0,CT,109.109375,ecstatic-vs-havu-m3-overpass
19,40,141321,de_overpass,40,75,1,5,5,0,500.0,500.0,100.0,100.0,0.0,500.0,2000,27250,400.0,5450.0,-25250,-5050.0,0,0.0,0.0,0,0,0,0,0,0,0,CT,109.109375,ecstatic-vs-havu-m3-overpass
19,50,141961,de_overpass,50,65,1,5,5,0,500.0,500.0,100.0,100.0,0.0,500.0,2000,27250,400.0,5450.0,-25250,-5050.0,0,0.0,0.0,0,0,0,0,0,0,0,CT,109.109375,ecstatic-vs-havu-m3-overpass
19,60,142601,de_overpass,60,55,1,5,5,0,418.0,500.0,83.6,100.0,0.0,500.0,2000,27250,400.0,5450.0,-25250,-5050.0,0,0.0,0.0,0,0,0,0,0,0,0,CT,109.109375,ecstatic-vs-havu-m3-overpass
19,70,143241,de_overpass,70,45,2,5,5,0,418.0,500.0,83.6,100.0,0.0,500.0,2000,26450,400.0,5290.0,-24450,-4890.0,0,0.0,0.0,0,0,0,0,0,0,0,CT,109.109375,ecstatic-vs-havu-m3-overpass
19,80,143881,de_overpass,80,35,2,5,5,0,418.0,500.0,83.6,100.0,0.0,500.0,2000,26450,400.0,5290.0,-24450,-4890.0,0,0.0,0.0,0,0,0,0,0,0,0,CT,109.109375,ecstatic-vs-havu-m3-overpass
19,90,144521,de_overpass,90,25,2,4,5,-1,318.0,473.0,79.5,94.6,0.0,499.0,1300,25650,325.0,5130.0,-24350,-4805.0,0,0.0,0.0,0,0,0,0,0,0,0,CT,109.109375,ecstatic-vs-havu-m3-overpass
19,100,145161,de_overpass,100,15,2,3,5,-2,218.0,473.0,72.66666666666667,94.6,0.0,499.0,1600,25650,533.3333333333334,5130.0,-24050,-4596.666666666667,0,0.0,0.0,0,0,0,0,0,0,0,CT,109.109375,ecstatic-vs-havu-m3-overpass
20,10,146384,de_overpass,10,105,0,5,5,0,500.0,500.0,100.0,100.0,300.0,498.0,12500,26650,2500.0,5330.0,-14150,-2830.0,0,0.0,0.0,0,0,0,0,0,0,0,T,152.578125,ecstatic-vs-havu-m3-overpass
20,20,147024,de_overpass,20,95,0,5,5,0,500.0,500.0,100.0,100.0,500.0,498.0,24300,28550,4860.0,5710.0,-4250,-850.0,0,0.0,0.0,0,0,0,0,0,0,0,T,152.578125,ecstatic-vs-havu-m3-overpass
20,30,147664,de_overpass,30,85,1,5,5,0,500.0,500.0,100.0,100.0,500.0,498.0,24500,28450,4900.0,5690.0,-3950,-790.0,0,0.0,0.0,0,0,0,0,0,0,0,T,152.578125,ecstatic-vs-havu-m3-overpass
20,40,148304,de_overpass,40,75,1,5,5,0,500.0,500.0,100.0,100.0,500.0,498.0,24500,28550,4900.0,5710.0,-4050,-810.0,0,0.0,0.0,0,0,0,0,0,0,0,T,152.578125,ecstatic-vs-havu-m3-overpass
20,50,148944,de_overpass,50,65,1,5,4,1,478.0,375.0,95.6,93.75,496.0,400.0,24500,23150,4900.0,5787.5,1350,-887.5,0,0.0,0.0,0,0,0,0,0,0,0,T,152.578125,ecstatic-vs-havu-m3-overpass
20,60,149584,de_overpass,60,55,1,5,4,1,478.0,375.0,95.6,93.75,496.0,400.0,24500,23150,4900.0,5787.5,1350,-887.5,0,0.0,0.0,0,0,0,0,0,0,0,T,152.578125,ecstatic-vs-havu-m3-overpass
20,70,150224,de_overpass,70,45,2,5,4,1,478.0,375.0,95.6,93.75,496.0,400.0,24500,23150,4900.0,5787.5,1350,-887.5,0,0.0,0.0,0,0,0,0,0,0,0,T,152.578125,ecstatic-vs-havu-m3-overpass
20,80,150864,de_overpass,80,35,2,5,4,1,478.0,375.0,95.6,93.75,496.0,400.0,24500,23150,4900.0,5787.5,1350,-887.5,0,0.0,0.0,0,0,0,0,0,0,0,T,152.578125,ecstatic-vs-havu-m3-overpass
20,90,151504,de_overpass,90,25,2,4,3,1,378.0,246.0,94.5,82.0,396.0,281.0,19500,15600,4875.0,5200.0,3900,-325.0,0,0.0,0.0,0,0,0,0,0,0,0,T,152.578125,ecstatic-vs-havu-m3-overpass
20,100,152144,de_overpass,100,15,2,3,3,0,278.0,246.0,92.66666666666667,82.0,296.0,281.0,14500,18000,4833.333333333333,6000.0,-3500,-1166.666666666667,0,0.0,0.0,0,0,0,0,0,0,0,T,152.578125,ecstatic-vs-havu-m3-overpass
21,10,156149,de_overpass,10,105,0,5,5,0,500.0,500.0,100.0,100.0,188.0,0.0,14350,1000,2870.0,200.0,13350,2670.0,0,0.0,0.0,0,0,0,0,0,0,0,CT,120.640625,ecstatic-vs-havu-m3-overpass
21,20,156789,de_overpass,20,95,0,5,5,0,500.0,500.0,100.0,100.0,488.0,500.0,25800,25750,5160.0,5150.0,50,10.0,0,0.0,0.0,0,0,0,0,0,0,0,CT,120.640625,ecstatic-vs-havu-m3-overpass
21,30,157429,de_overpass,30,85,1,5,5,0,500.0,500.0,100.0,100.0,488.0,500.0,25800,26850,5160.0,5370.0,-1050,-210.0,0,0.0,0.0,0,0,0,0,0,0,0,CT,120.640625,ecstatic-vs-havu-m3-overpass
21,40,158069,de_overpass,40,75,1,5,5,0,496.0,500.0,99.2,100.0,488.0,500.0,25800,26850,5160.0,5370.0,-1050,-210.0,0,0.0,0.0,0,0,0,0,0,0,0,CT,120.640625,ecstatic-vs-havu-m3-overpass
21,50,158709,de_overpass,50,65,1,5,5,0,459.0,500.0,91.8,100.0,481.0,500.0,25800,26850,5160.0,5370.0,-1050,-210.0,0,0.0,0.0,0,0,0,0,0,0,0,CT,120.640625,ecstatic-vs-havu-m3-overpass
21,60,159349,de_overpass,60,55,1,5,5,0,459.0,500.0,91.8,100.0,481.0,500.0,25800,26850,5160.0,5370.0,-1050,-210.0,0,0.0,0.0,0,0,0,0,0,0,0,CT,120.640625,ecstatic-vs-havu-m3-overpass
21,70,159989,de_overpass,70,45,2,5,5,0,459.0,500.0,91.8,100.0,481.0,500.0,25800,26850,5160.0,5370.0,-1050,-210.0,0,0.0,0.0,0,0,0,0,0,0,0,CT,120.640625,ecstatic-vs-havu-m3-overpass
21,80,160629,de_overpass,80,35,2,5,5,0,455.0,500.0,91.0,100.0,479.0,500.0,25800,26850,5160.0,5370.0,-1050,-210.0,0,0.0,0.0,0,0,0,0,0,0,0,CT,120.640625,ecstatic-vs-havu-m3-overpass
21,90,161269,de_overpass,90,25,2,5,5,0,455.0,494.0,91.0,98.8,479.0,500.0,25800,26850,5160.0,5370.0,-1050,-210.0,0,0.0,0.0,0,0,0,0,0,0,0,CT,120.640625,ecstatic-vs-havu-m3-overpass
21,100,161909,de_overpass,100,15,2,5,5,0,431.0,440.0,86.2,88.0,479.0,494.0,25800,26850,5160.0,5370.0,-1050,-210.0,0,0.0,0.0,0,0,0,0,0,0,0,CT,120.640625,ecstatic-vs-havu-m3-overpass
22,10,163870,de_overpass,10,105,0,5,5,0,500.0,500.0,100.0,100.0,0.0,400.0,1000,23050,200.0,4610.0,-22050,-4410.0,0,0.0,0.0,0,0,0,0,0,0,0,CT,91.578125,ecstatic-vs-havu-m3-overpass
22,20,164510,de_overpass,20,95,0,5,5,0,500.0,500.0,100.0,100.0,0.0,500.0,1000,29550,200.0,5910.0,-28550,-5710.0,0,0.0,0.0,0,0,0,0,0,0,0,CT,91.578125,ecstatic-vs-havu-m3-overpass
22,30,165150,de_overpass,30,85,1,5,5,0,500.0,500.0,100.0,100.0,0.0,500.0,2500,29450,500.0,5890.0,-26950,-5390.0,0,0.0,0.0,0,0,0,0,0,0,0,CT,91.578125,ecstatic-vs-havu-m3-overpass
22,40,165790,de_overpass,40,75,1,5,5,0,500.0,500.0,100.0,100.0,100.0,500.0,2850,29450,570.0,5890.0,-26600,-5320.0,0,0.0,0.0,0,0,0,0,0,0,0,CT,91.578125,ecstatic-vs-havu-m3-overpass
22,50,166430,de_overpass,50,65,1,4,5,-1,400.0,500.0,100.0,100.0,100.0,500.0,2650,29450,662.5,5890.0,-26800,-5227.5,0,0.0,0.0,0,0,0,0,0,0,0,CT,91.578125,ecstatic-vs-havu-m3-overpass
22,60,167070,de_overpass,60,55,1,4,5,-1,400.0,500.0,100.0,100.0,100.0,500.0,2650,29450,662.5,5890.0,-26800,-5227.5,0,0.0,0.0,0,0,0,0,0,0,0,CT,91.578125,ecstatic-vs-havu-m3-overpass
22,70,167710,de_overpass,70,45,2,4,5,-1,366.0,500.0,91.5,100.0,100.0,500.0,2850,29450,712.5,5890.0,-26600,-5177.5,0,0.0,0.0,0,0,0,0,0,0,0,CT,91.578125,ecstatic-vs-havu-m3-overpass
22,80,168350,de_overpass,80,35,2,4,5,-1,366.0,500.0,91.5,100.0,100.0,500.0,2850,29450,712.5,5890.0,-26600,-5177.5,0,0.0,0.0,0,0,0,0,0,0,0,CT,91.578125,ecstatic-vs-havu-m3-overpass
22,90,168990,de_overpass,90,25,2,1,5,-4,66.0,448.0,66.0,89.6,0.0,494.0,600,29450,600.0,5890.0,-28850,-5290.0,0,0.0,0.0,0,0,0,0,0,0,0,CT,91.578125,ecstatic-vs-havu-m3-overpass
23,10,169731,de_overpass,10,105,0,5,5,0,500.0,500.0,100.0,100.0,200.0,487.0,12500,26450,2500.0,5290.0,-13950,-2790.0,0,0.0,0.0,0,0,0,0,0,0,0,T,93.140625,ecstatic-vs-havu-m3-overpass
23,20,170371,de_overpass,20,95,0,5,5,0,500.0,500.0,100.0,100.0,500.0,487.0,22500,29550,4500.0,5910.0,-7050,-1410.0,0,0.0,0.0,0,0,0,0,0,0,0,T,93.140625,ecstatic-vs-havu-m3-overpass
23,30,171011,de_overpass,30,85,1,5,5,0,500.0,500.0,100.0,100.0,500.0,487.0,23700,29950,4740.0,5990.0,-6250,-1250.0,0,0.0,0.0,0,0,0,0,0,0,0,T,93.140625,ecstatic-vs-havu-m3-overpass
23,40,171651,de_overpass,40,75,1,5,5,0,497.0,500.0,99.4,100.0,500.0,487.0,23700,29950,4740.0,5990.0,-6250,-1250.0,0,0.0,0.0,0,0,0,0,0,0,0,T,93.140625,ecstatic-vs-havu-m3-overpass
23,50,172291,de_overpass,50,65,1,5,4,1,497.0,400.0,99.4,100.0,500.0,387.0,23700,22300,4740.0,5575.0,1400,-835.0,0,0.0,0.0,0,0,0,0,0,0,0,T,93.140625,ecstatic-vs-havu-m3-overpass
23,60,172931,de_overpass,60,55,1,5,4,1,497.0,400.0,99.4,100.0,500.0,387.0,23700,22300,4740.0,5575.0,1400,-835.0,0,0.0,0.0,0,0,0,0,0,0,0,T,93.140625,ecstatic-vs-havu-m3-overpass
23,70,173571,de_overpass,70,45,2,5,2,3,437.0,200.0,87.4,100.0,493.0,200.0,23000,10900,4600.0,5450.0,12100,-850.0,0,0.0,0.0,0,0,0,0,0,0,0,T,93.140625,ecstatic-vs-havu-m3-overpass
23,80,174211,de_overpass,80,35,2,5,1,4,409.0,100.0,81.8,100.0,488.0,100.0,23000,5500,4600.0,5500.0,17500,-900.0,0,0.0,0.0,0,0,0,0,0,0,0,T,93.140625,ecstatic-vs-havu-m3-overpass
23,90,174851,de_overpass,90,25,2,5,1,4,409.0,100.0,81.8,100.0,488.0,100.0,23000,5500,4600.0,5500.0,17500,-900.0,0,0.0,0.0,0,0,0,0,0,0,0,T,93.140625,ecstatic-vs-havu-m3-overpass
24,10,175692,de_overpass,10,105,0,5,5,0,500.0,500.0,100.0,100.0,488.0,200.0,25550,6500,5110.0,1300.0,19050,3810.0,0,0.0,0.0,0,0,0,0,0,0,0,T,156.015625,ecstatic-vs-havu-m3-overpass
24,20,176332,de_overpass,20,95,0,5,5,0,500.0,500.0,100.0,100.0,488.0,500.0,27450,23950,5490.0,4790.0,3500,700.0,0,0.0,0.0,0,0,0,0,0,0,0,T,156.015625,ecstatic-vs-havu-m3-overpass
24,30,176972,de_overpass,30,85,1,5,5,0,500.0,500.0,100.0,100.0,488.0,500.0,27550,29150,5510.0,5830.0,-1600,-320.0,0,0.0,0.0,0,0,0,0,0,0,0,T,156.015625,ecstatic-vs-havu-m3-overpass
24,40,177612,de_overpass,40,75,1,5,5,0,486.0,500.0,97.2,100.0,486.0,500.0,27550,28650,5510.0,5730.0,-1100,-220.0,0,0.0,0.0,0,0,0,0,0,0,0,T,156.015625,ecstatic-vs-havu-m3-overpass
24,50,178252,de_overpass,50,65,1,5,5,0,486.0,500.0,97.2,100.0,486.0,500.0,27050,28650,5410.0,5730.0,-1600,-320.0,0,0.0,0.0,0,0,0,0,0,0,0,T,156.015625,ecstatic-vs-havu-m3-overpass
24,60,178892,de_overpass,60,55,1,5,5,0,486.0,487.0,97.2,97.4,486.0,499.0,27050,28650,5410.0,5730.0,-1600,-320.0,0,0.0,0.0,0,0,0,0,0,0,0,T,156.015625,ecstatic-vs-havu-m3-overpass
24,70,179532,de_overpass,70,45,2,4,5,-1,386.0,433.0,96.5,86.6,393.0,464.0,21750,28650,5437.5,5730.0,-6900,-292.5,0,0.0,0.0,0,0,0,0,0,0,0,T,156.015625,ecstatic-vs-havu-m3-overpass
24,80,180172,de_overpass,80,35,2,4,4,0,284.0,273.0,71.0,68.25,385.0,357.0,21450,22750,5362.5,5687.5,-1300,-325.0,0,0.0,0.0,0,0,0,0,0,0,0,T,156.015625,ecstatic-vs-havu-m3-overpass
24,90,180812,de_overpass,90,25,2,4,4,0,284.0,273.0,71.0,68.25,385.0,357.0,21450,22750,5362.5,5687.5,-1300,-325.0,0,0.0,0.0,0,0,0,0,0,0,0,T,156.015625,ecstatic-vs-havu-m3-overpass
24,100,181452,de_overpass,100,15,2,4,3,1,284.0,233.0,71.0,77.66666666666667,385.0,264.0,21250,16850,5312.5,5616.666666666667,4400,-304.16666666666697,0,0.0,0.0,0,0,0,0,0,0,0,T,156.015625,ecstatic-vs-havu-m3-overpass
25,10,185677,de_overpass,10,105,0,5,5,0,500.0,500.0,100.0,100.0,323.0,164.0,21450,10800,4290.0,2160.0,10650,2130.0,0,0.0,0.0,0,0,0,0,0,0,0,T,108.28125,ecstatic-vs-havu-m3-overpass
25,20,186317,de_overpass,20,95,0,5,5,0,500.0,500.0,100.0,100.0,423.0,164.0,27250,11200,5450.0,2240.0,16050,3210.0,0,0.0,0.0,0,0,0,0,0,0,0,T,108.28125,ecstatic-vs-havu-m3-overpass
25,30,186957,de_overpass,30,85,1,5,5,0,500.0,500.0,100.0,100.0,423.0,164.0,27250,12000,5450.0,2400.0,15250,3050.0,0,0.0,0.0,0,0,0,0,0,0,0,T,108.28125,ecstatic-vs-havu-m3-overpass
25,40,187597,de_overpass,40,75,1,5,5,0,500.0,500.0,100.0,100.0,423.0,164.0,27250,12000,5450.0,2400.0,15250,3050.0,0,0.0,0.0,0,0,0,0,0,0,0,T,108.28125,ecstatic-vs-havu-m3-overpass
25,50,188237,de_overpass,50,65,1,5,5,0,500.0,500.0,100.0,100.0,423.0,164.0,27250,12000,5450.0,2400.0,15250,3050.0,0,0.0,0.0,0,0,0,0,0,0,0,T,108.28125,ecstatic-vs-havu-m3-overpass
25,60,188877,de_overpass,60,55,1,5,3,2,500.0,300.0,100.0,100.0,423.0,64.0,27250,6800,5450.0,2266.6666666666665,20450,3183.3333333333335,0,0.0,0.0,0,0,0,0,0,0,0,T,108.28125,ecstatic-vs-havu-m3-overpass
25,70,189517,de_overpass,70,45,2,5,2,3,419.0,200.0,83.8,100.0,385.0,64.0,26550,6600,5310.0,3300.0,19950,2010.0,1,2.71875,37.28125,0,0,0,0,0,0,0,T,108.28125,ecstatic-vs-havu-m3-overpass
25,80,190157,de_overpass,80,35,2,5,2,3,419.0,200.0,83.8,100.0,385.0,64.0,26550,6600,5310.0,3300.0,19950,2010.0,1,12.71875,27.28125,0,0,0,0,0,0,0,T,108.28125,ecstatic-vs-havu-m3-overpass
25,90,190797,de_overpass,90,25,2,5,1,4,402.0,100.0,80.4,100.0,377.0,64.0,26550,5600,5310.0,5600.0,20950,-290.0,1,22.71875,17.28125,0,0,0,0,0,0,0,T,108.28125,ecstatic-vs-havu-m3-overpass
25,100,191437,de_overpass,100,15,2,4,1,3,302.0,100.0,75.5,100.0,279.0,64.0,21450,5600,5362.5,5600.0,15850,-237.5,1,32.71875,7.28125,0,0,0,0,0,0,0,T,108.28125,ecstatic-vs-havu-m3-overpass
26,10,192607,de_overpass,10,105,0,5,5,0,500.0,500.0,100.0,100.0,200.0,46.0,9400,6400,1880.0,1280.0,3000,600.0,0,0.0,0.0,0,0,0,0,0,0,0,T,113.40625,ecstatic-vs-havu-m3-overpass
26,20,193247,de_overpass,20,95,0,5,5,0,500.0,500.0,100.0,100.0,500.0,400.0,27950,21700,5590.0,4340.0,6250,1250.0,0,0.0,0.0,0,0,0,0,0,0,0,T,113.40625,ecstatic-vs-havu-m3-overpass
26,30,193887,de_overpass,30,85,1,5,5,0,500.0,500.0,100.0,100.0,500.0,500.0,27850,27450,5570.0,5490.0,400,80.0,0,0.0,0.0,0,0,0,0,0,0,0,T,113.40625,ecstatic-vs-havu-m3-overpass
26,40,194527,de_overpass,40,75,1,5,5,0,500.0,500.0,100.0,100.0,500.0,500.0,27850,28850,5570.0,5770.0,-1000,-200.0,0,0.0,0.0,0,0,0,0,0,0,0,T,113.40625,ecstatic-vs-havu-m3-overpass
26,50,195167,de_overpass,50,65,1,5,5,0,500.0,500.0,100.0,100.0,500.0,500.0,27850,29050,5570.0,5810.0,-1200,-240.0,0,0.0,0.0,0,0,0,0,0,0,0,T,113.40625,ecstatic-vs-havu-m3-overpass
26,60,195807,de_overpass,60,55,1,5,5,0,500.0,500.0,100.0,100.0,500.0,500.0,28350,29250,5670.0,5850.0,-900,-180.0,0,0.0,0.0,0,0,0,0,0,0,0,T,113.40625,ecstatic-vs-havu-m3-overpass
26,70,196447,de_overpass,70,45,2,5,5,0,500.0,500.0,100.0,100.0,500.0,500.0,28350,29250,5670.0,5850.0,-900,-180.0,0,0.0,0.0,0,0,0,0,0,0,0,T,113.40625,ecstatic-vs-havu-m3-overpass
26,80,197087,de_overpass,80,35,2,5,3,2,417.0,300.0,83.4,100.0,488.0,300.0,28350,17850,5670.0,5950.0,10500,-280.0,0,0.0,0.0,0,0,0,0,0,0,0,T,113.40625,ecstatic-vs-havu-m3-overpass
26,90,197727,de_overpass,90,25,2,5,3,2,417.0,300.0,83.4,100.0,488.0,300.0,28350,17850,5670.0,5950.0,10500,-280.0,0,0.0,0.0,0,0,0,0,0,0,0,T,113.40625,ecstatic-vs-havu-m3-overpass
26,100,198367,de_overpass,100,15,2,5,1,4,408.0,100.0,81.6,100.0,482.0,100.0,28350,7750,5670.0,7750.0,20600,-2080.0,1,2.25,37.75,0,0,0,0,0,0,0,T,113.40625,ecstatic-vs-havu-m3-overpass
27,10,199865,de_overpass,10,105,0,5,5,0,500.0,500.0,100.0,100.0,0.0,0.0,1000,1000,200.0,200.0,0,0.0,0,0.0,0.0,0,0,0,0,0,0,0,CT,145.265625,ecstatic-vs-havu-m3-overpass
27,20,200505,de_overpass,20,95,0,5,5,0,500.0,500.0,100.0,100.0,200.0,400.0,12350,22700,2470.0,4540.0,-10350,-2070.0,0,0.0,0.0,0,0,0,0,0,0,0,CT,145.265625,ecstatic-vs-havu-m3-overpass
27,30,201145,de_overpass,30,85,1,5,5,0,500.0,500.0,100.0,100.0,500.0,500.0,27550,29100,5510.0,5820.0,-1550,-310.0,0,0.0,0.0,0,0,0,0,0,0,0,CT,145.265625,ecstatic-vs-havu-m3-overpass
27,40,201785,de_overpass,40,75,1,5,5,0,500.0,500.0,100.0,100.0,500.0,500.0,27550,29000,5510.0,5800.0,-1450,-290.0,0,0.0,0.0,0,0,0,0,0,0,0,CT,145.265625,ecstatic-vs-havu-m3-overpass
27,50,202425,de_overpass,50,65,1,4,5,-1,400.0,500.0,100.0,100.0,400.0,500.0,22450,29000,5612.5,5800.0,-6550,-187.5,0,0.0,0.0,0,0,0,0,0,0,0,CT,145.265625,ecstatic-vs-havu-m3-overpass
27,60,203065,de_overpass,60,55,1,4,5,-1,400.0,363.0,100.0,72.6,400.0,490.0,22450,29000,5612.5,5800.0,-6550,-187.5,0,0.0,0.0,0,0,0,0,0,0,0,CT,145.265625,ecstatic-vs-havu-m3-overpass
27,70,203705,de_overpass,70,45,2,4,5,-1,400.0,363.0,100.0,72.6,400.0,490.0,22450,29000,5612.5,5800.0,-6550,-187.5,0,0.0,0.0,0,0,0,0,0,0,0,CT,145.265625,ecstatic-vs-havu-m3-overpass
27,80,204345,de_overpass,80,35,2,3,5,-2,300.0,361.0,100.0,72.2,300.0,489.0,16650,29000,5550.0,5800.0,-12350,-250.0,0,0.0,0.0,0,0,0,0,0,0,0,CT,145.265625,ecstatic-vs-havu-m3-overpass
27,90,204985,de_overpass,90,25,2,3,5,-2,240.0,361.0,80.0,72.2,261.0,489.0,16650,29000,5550.0,5800.0,-12350,-250.0,0,0.0,0.0,0,0,0,0,0,0,0,CT,145.265625,ecstatic-vs-havu-m3-overpass
27,100,205625,de_overpass,100,15,2,3,5,-2,240.0,361.0,80.0,72.2,261.0,489.0,17050,29000,5683.333333333333,5800.0,-11950,-116.66666666666697,0,0.0,0.0,0,0,0,0,0,0,0,CT,145.265625,ecstatic-vs-havu-m3-overpass
28,10,209162,de_overpass,10,105,0,5,5,0,500.0,500.0,100.0,100.0,100.0,390.0,5800,17400,1160.0,3480.0,-11600,-2320.0,0,0.0,0.0,0,0,0,0,0,0,0,CT,116.265625,ecstatic-vs-havu-m3-overpass
28,20,209802,de_overpass,20,95,0,5,5,0,500.0,500.0,100.0,100.0,500.0,490.0,27350,30650,5470.0,6130.0,-3300,-660.0,0,0.0,0.0,0,0,0,0,0,0,0,CT,116.265625,ecstatic-vs-havu-m3-overpass
28,30,210442,de_overpass,30,85,1,5,5,0,500.0,500.0,100.0,100.0,500.0,490.0,27350,30550,5470.0,6110.0,-3200,-640.0,0,0.0,0.0,0,0,0,0,0,0,0,CT,116.265625,ecstatic-vs-havu-m3-overpass
28,40,211082,de_overpass,40,75,1,5,5,0,500.0,500.0,100.0,100.0,500.0,490.0,27350,30550,5470.0,6110.0,-3200,-640.0,0,0.0,0.0,0,0,0,0,0,0,0,CT,116.265625,ecstatic-vs-havu-m3-overpass
28,50,211722,de_overpass,50,65,1,5,5,0,500.0,473.0,100.0,94.6,500.0,473.0,27350,30050,5470.0,6010.0,-2700,-540.0,0,0.0,0.0,0,0,0,0,0,0,0,CT,116.265625,ecstatic-vs-havu-m3-overpass
28,60,212362,de_overpass,60,55,1,5,5,0,405.0,473.0,81.0,94.6,485.0,473.0,27350,30050,5470.0,6010.0,-2700,-540.0,0,0.0,0.0,0,0,0,0,0,0,0,CT,116.265625,ecstatic-vs-havu-m3-overpass
28,70,213002,de_overpass,70,45,2,5,5,0,405.0,473.0,81.0,94.6,485.0,473.0,27150,29250,5430.0,5850.0,-2100,-420.0,0,0.0,0.0,0,0,0,0,0,0,0,CT,116.265625,ecstatic-vs-havu-m3-overpass
28,80,213642,de_overpass,80,35,2,5,5,0,405.0,473.0,81.0,94.6,485.0,473.0,27150,29250,5430.0,5850.0,-2100,-420.0,0,0.0,0.0,0,0,0,0,0,0,0,CT,116.265625,ecstatic-vs-havu-m3-overpass
28,90,214282,de_overpass,90,25,2,5,5,0,405.0,473.0,81.0,94.6,485.0,473.0,26450,29250,5290.0,5850.0,-2800,-560.0,0,0.0,0.0,0,0,0,0,0,0,0,CT,116.265625,ecstatic-vs-havu-m3-overpass
28,100,214922,de_overpass,100,15,2,5,4,1,353.0,373.0,70.6,93.25,476.0,373.0,26450,23950,5290.0,5987.5,2500,-697.5,0,0.0,0.0,0,0,0,0,0,0,0,CT,116.265625,ecstatic-vs-havu-m3-overpass
29,10,216603,de_overpass,10,105,0,5,5,0,500.0,500.0,100.0,100.0,200.0,473.0,11100,23700,2220.0,4740.0,-12600,-2520.0,0,0.0,0.0,0,0,0,0,0,0,0,CT,144.546875,ecstatic-vs-havu-m3-overpass
29,20,217243,de_overpass,20,95,0,5,5,0,500.0,500.0,100.0,100.0,500.0,473.0,26450,31450,5290.0,6290.0,-5000,-1000.0,0,0.0,0.0,0,0,0,0,0,0,0,CT,144.546875,ecstatic-vs-havu-m3-overpass
29,30,217883,de_overpass,30,85,1,5,5,0,500.0,500.0,100.0,100.0,500.0,473.0,27850,31350,5570.0,6270.0,-3500,-700.0,0,0.0,0.0,0,0,0,0,0,0,0,CT,144.546875,ecstatic-vs-havu-m3-overpass
29,40,218523,de_overpass,40,75,1,5,5,0,500.0,500.0,100.0,100.0,500.0,473.0,27850,31350,5570.0,6270.0,-3500,-700.0,0,0.0,0.0,0,0,0,0,0,0,0,CT,144.546875,ecstatic-vs-havu-m3-overpass
29,50,219163,de_overpass,50,65,1,5,5,0,500.0,500.0,100.0,100.0,500.0,473.0,27850,31350,5570.0,6270.0,-3500,-700.0,0,0.0,0.0,0,0,0,0,0,0,0,CT,144.546875,ecstatic-vs-havu-m3-overpass
29,60,219803,de_overpass,60,55,1,5,5,0,500.0,500.0,100.0,100.0,500.0,473.0,27850,31350,5570.0,6270.0,-3500,-700.0,0,0.0,0.0,0,0,0,0,0,0,0,CT,144.546875,ecstatic-vs-havu-m3-overpass
29,70,220443,de_overpass,70,45,2,5,5,0,500.0,500.0,100.0,100.0,500.0,473.0,27850,31350,5570.0,6270.0,-3500,-700.0,0,0.0,0.0,0,0,0,0,0,0,0,CT,144.546875,ecstatic-vs-havu-m3-overpass
29,80,221083,de_overpass,80,35,2,5,5,0,500.0,500.0,100.0,100.0,500.0,473.0,27850,31350,5570.0,6270.0,-3500,-700.0,0,0.0,0.0,0,0,0,0,0,0,0,CT,144.546875,ecstatic-vs-havu-m3-overpass
29,90,221723,de_overpass,90,25,2,5,5,0,500.0,500.0,100.0,100.0,500.0,473.0,27850,31350,5570.0,6270.0,-3500,-700.0,0,0.0,0.0,0,0,0,0,0,0,0,CT,144.546875,ecstatic-vs-havu-m3-overpass
29,100,222363,de_overpass,100,15,2,4,5,-1,400.0,500.0,100.0,100.0,400.0,473.0,20800,31350,5200.0,6270.0,-10550,-1070.0,0,0.0,0.0,0,0,0,0,0,0,0,CT,144.546875,ecstatic-vs-havu-m3-overpass
30,10,225854,de_overpass,10,105,0,5,5,0,500.0,500.0,100.0,100.0,0.0,0.0,1000,1000,200.0,200.0,0,0.0,0,0.0,0.0,0,0,0,0,0,0,0,CT,118.328125,ecstatic-vs-havu-m3-overpass
30,20,226494,de_overpass,20,95,0,5,5,0,500.0,500.0,100.0,100.0,300.0,300.0,16650,15000,3330.0,3000.0,1650,330.0,0,0.0,0.0,0,0,0,0,0,0,0,CT,118.328125,ecstatic-vs-havu-m3-overpass
30,30,227134,de_overpass,30,85,1,5,5,0,500.0,500.0,100.0,100.0,500.0,500.0,27150,30000,5430.0,6000.0,-2850,-570.0,0,0.0,0.0,0,0,0,0,0,0,0,CT,118.328125,ecstatic-vs-havu-m3-overpass
30,40,227774,de_overpass,40,75,1,5,5,0,500.0,500.0,100.0,100.0,500.0,500.0,27150,30400,5430.0,6080.0,-3250,-650.0,0,0.0,0.0,0,0,0,0,0,0,0,CT,118.328125,ecstatic-vs-havu-m3-overpass
30,50,228414,de_overpass,50,65,1,5,5,0,498.0,500.0,99.6,100.0,500.0,500.0,27150,30400,5430.0,6080.0,-3250,-650.0,0,0.0,0.0,0,0,0,0,0,0,0,CT,118.328125,ecstatic-vs-havu-m3-overpass
30,60,229054,de_overpass,60,55,1,5,5,0,498.0,467.0,99.6,93.4,500.0,496.0,27150,30400,5430.0,6080.0,-3250,-650.0,0,0.0,0.0,0,0,0,0,0,0,0,CT,118.328125,ecstatic-vs-havu-m3-overpass
30,70,229694,de_overpass,70,45,2,4,5,-1,398.0,467.0,99.5,93.4,400.0,496.0,21950,30400,5487.5,6080.0,-8450,-592.5,0,0.0,0.0,0,0,0,0,0,0,0,CT,118.328125,ecstatic-vs-havu-m3-overpass
30,80,230334,de_overpass,80,35,2,3,5,-2,298.0,467.0,99.33333333333333,93.4,300.0,496.0,16950,30400,5650.0,6080.0,-13450,-430.0,0,0.0,0.0,0,0,0,0,0,0,0,CT,118.328125,ecstatic-vs-havu-m3-overpass
30,90,230974,de_overpass,90,25,2,3,5,-2,268.0,386.0,89.33333333333333,77.2,294.0,487.0,16950,30400,5650.0,6080.0,-13450,-430.0,0,0.0,0.0,0,0,0,0,0,0,0,CT,118.328125,ecstatic-vs-havu-m3-overpass
30,100,231614,de_overpass,100,15,2,2,5,-3,168.0,386.0,84.0,77.2,194.0,487.0,11850,29100,5925.0,5820.0,-17250,105.0,0,0.0,0.0,0,0,0,0,0,0,0,CT,118.328125,ecstatic-vs-havu-m3-overpass
31,10,233427,de_overpass,10,105,0,5,5,0,500.0,500.0,100.0,100.0,400.0,487.0,19200,30150,3840.0,6030.0,-10950,-2190.0,0,0.0,0.0,0,0,0,0,0,0,0,CT,144.765625,ecstatic-vs-havu-m3-overpass
31,20,234067,de_overpass,20,95,0,5,5,0,500.0,500.0,100.0,100.0,500.0,487.0,27150,31750,5430.0,6350.0,-4600,-920.0,0,0.0,0.0,0,0,0,0,0,0,0,CT,144.765625,ecstatic-vs-havu-m3-overpass
31,30,234707,de_overpass,30,85,1,5,5,0,500.0,500.0,100.0,100.0,500.0,487.0,27150,31650,5430.0,6330.0,-4500,-900.0,0,0.0,0.0,0,0,0,0,0,0,0,CT,144.765625,ecstatic-vs-havu-m3-overpass
31,40,235347,de_overpass,40,75,1,5,5,0,492.0,491.0,98.4,98.2,500.0,481.0,26850,31750,5370.0,6350.0,-4900,-980.0,0,0.0,0.0,0,0,0,0,0,0,0,CT,144.765625,ecstatic-vs-havu-m3-overpass
31,50,235987,de_overpass,50,65,1,4,4,0,364.0,324.0,91.0,81.0,396.0,387.0,21850,25550,5462.5,6387.5,-3700,-925.0,0,0.0,0.0,0,0,0,0,0,0,0,CT,144.765625,ecstatic-vs-havu-m3-overpass
31,60,236627,de_overpass,60,55,1,4,4,0,364.0,324.0,91.0,81.0,396.0,387.0,21850,25550,5462.5,6387.5,-3700,-925.0,0,0.0,0.0,0,0,0,0,0,0,0,CT,144.765625,ecstatic-vs-havu-m3-overpass
31,70,237267,de_overpass,70,45,2,4,4,0,364.0,324.0,91.0,81.0,396.0,387.0,21450,25550,5362.5,6387.5,-4100,-1025.0,0,0.0,0.0,0,0,0,0,0,0,0,CT,144.765625,ecstatic-vs-havu-m3-overpass
31,80,237907,de_overpass,80,35,2,3,4,-1,300.0,324.0,100.0,81.0,300.0,387.0,17150,25550,5716.666666666667,6387.5,-8400,-670.833333333333,0,0.0,0.0,0,0,0,0,0,0,0,CT,144.765625,ecstatic-vs-havu-m3-overpass
31,90,238547,de_overpass,90,25,2,3,4,-1,300.0,324.0,100.0,81.0,300.0,387.0,16750,25550,5583.333333333333,6387.5,-8800,-804.166666666667,0,0.0,0.0,0,0,0,0,0,0,0,CT,144.765625,ecstatic-vs-havu-m3-overpass
31,100,239187,de_overpass,100,15,2,3,4,-1,300.0,324.0,100.0,81.0,300.0,387.0,16750,25550,5583.333333333333,6387.5,-8800,-804.166666666667,0,0.0,0.0,0,0,0,0,0,0,0,CT,144.765625,ecstatic-vs-havu-m3-overpass
32,10,242692,de_overpass,10,105,0,5,5,0,500.0,500.0,100.0,100.0,200.0,491.0,9600,29950,1920.0,5990.0,-20350,-4070.0,0,0.0,0.0,0,0,0,0,0,0,0,CT,111.34375,ecstatic-vs-havu-m3-overpass
32,20,243332,de_overpass,20,95,0,5,5,0,500.0,500.0,100.0,100.0,500.0,496.0,28250,32050,5650.0,6410.0,-3800,-760.0,0,0.0,0.0,0,0,0,0,0,0,0,CT,111.34375,ecstatic-vs-havu-m3-overpass
32,30,243972,de_overpass,30,85,1,5,5,0,500.0,500.0,100.0,100.0,500.0,496.0,28250,31950,5650.0,6390.0,-3700,-740.0,0,0.0,0.0,0,0,0,0,0,0,0,CT,111.34375,ecstatic-vs-havu-m3-overpass
32,40,244612,de_overpass,40,75,1,5,5,0,492.0,500.0,98.4,100.0,500.0,496.0,28250,31650,5650.0,6330.0,-3400,-680.0,0,0.0,0.0,0,0,0,0,0,0,0,CT,111.34375,ecstatic-vs-havu-m3-overpass
32,50,245252,de_overpass,50,65,1,4,5,-1,383.0,440.0,95.75,88.0,395.0,489.0,22750,32400,5687.5,6480.0,-9650,-792.5,0,0.0,0.0,0,0,0,0,0,0,0,CT,111.34375,ecstatic-vs-havu-m3-overpass
32,60,245892,de_overpass,60,55,1,4,5,-1,379.0,440.0,94.75,88.0,395.0,489.0,22750,32200,5687.5,6440.0,-9450,-752.5,0,0.0,0.0,0,0,0,0,0,0,0,CT,111.34375,ecstatic-vs-havu-m3-overpass
32,70,246532,de_overpass,70,45,2,4,5,-1,379.0,440.0,94.75,88.0,395.0,489.0,22450,31900,5612.5,6380.0,-9450,-767.5,0,0.0,0.0,0,0,0,0,0,0,0,CT,111.34375,ecstatic-vs-havu-m3-overpass
32,80,247172,de_overpass,80,35,2,3,5,-2,279.0,440.0,93.0,88.0,295.0,489.0,17350,31900,5783.333333333333,6380.0,-14550,-596.666666666667,0,0.0,0.0,0,0,0,0,0,0,0,CT,111.34375,ecstatic-vs-havu-m3-overpass
32,90,247812,de_overpass,90,25,2,2,5,-3,187.0,408.0,93.5,81.6,195.0,489.0,12350,31900,6175.0,6380.0,-19550,-205.0,0,0.0,0.0,0,0,0,0,0,0,0,CT,111.34375,ecstatic-vs-havu-m3-overpass
32,100,248452,de_overpass,100,15,2,2,4,-2,140.0,308.0,70.0,77.0,185.0,389.0,12350,23950,6175.0,5987.5,-11600,187.5,0,0.0,0.0,0,0,0,0,0,0,0,CT,111.34375,ecstatic-vs-havu-m3-overpass
33,10,249818,de_overpass,10,105,0,5,5,0,500.0,500.0,100.0,100.0,0.0,0.0,1000,1000,200.0,200.0,0,0.0,0,0.0,0.0,0,0,0,0,0,0,0,T,149.765625,ecstatic-vs-havu-m3-overpass
33,20,250458,de_overpass,20,95,0,5,5,0,500.0,500.0,100.0,100.0,400.0,500.0,20200,26850,4040.0,5370.0,-6650,-1330.0,0,0.0,0.0,0,0,0,0,0,0,0,T,149.765625,ecstatic-vs-havu-m3-overpass
33,30,251098,de_overpass,30,85,1,5,5,0,500.0,500.0,100.0,100.0,500.0,500.0,27250,29350,5450.0,5870.0,-2100,-420.0,0,0.0,0.0,0,0,0,0,0,0,0,T,149.765625,ecstatic-vs-havu-m3-overpass
33,40,251738,de_overpass,40,75,1,5,5,0,500.0,500.0,100.0,100.0,500.0,500.0,27250,29650,5450.0,5930.0,-2400,-480.0,0,0.0,0.0,0,0,0,0,0,0,0,T,149.765625,ecstatic-vs-havu-m3-overpass
33,50,252378,de_overpass,50,65,1,5,5,0,500.0,500.0,100.0,100.0,500.0,500.0,27250,29650,5450.0,5930.0,-2400,-480.0,0,0.0,0.0,0,0,0,0,0,0,0,T,149.765625,ecstatic-vs-havu-m3-overpass
33,60,253018,de_overpass,60,55,1,5,5,0,440.0,500.0,88.0,100.0,468.0,500.0,26950,29650,5390.0,5930.0,-2700,-540.0,0,0.0,0.0,0,0,0,0,0,0,0,T,149.765625,ecstatic-vs-havu-m3-overpass
33,70,253658,de_overpass,70,45,2,5,5,0,358.0,500.0,71.6,100.0,415.0,500.0,26950,29150,5390.0,5830.0,-2200,-440.0,0,0.0,0.0,0,0,0,0,0,0,0,T,149.765625,ecstatic-vs-havu-m3-overpass
33,80,254298,de_overpass,80,35,2,5,5,0,358.0,500.0,71.6,100.0,415.0,500.0,26950,29150,5390.0,5830.0,-2200,-440.0,0,0.0,0.0,0,0,0,0,0,0,0,T,149.765625,ecstatic-vs-havu-m3-overpass
33,90,254938,de_overpass,90,25,2,5,5,0,358.0,500.0,71.6,100.0,415.0,500.0,26550,29150,5310.0,5830.0,-2600,-520.0,0,0.0,0.0,0,0,0,0,0,0,0,T,149.765625,ecstatic-vs-havu-m3-overpass
33,100,255578,de_overpass,100,15,2,5,5,0,358.0,500.0,71.6,100.0,415.0,500.0,26350,29150,5270.0,5830.0,-2800,-560.0,0,0.0,0.0,0,0,0,0,0,0,0,T,149.765625,ecstatic-vs-havu-m3-overpass
34,10,259403,de_overpass,10,105,0,5,5,0,500.0,500.0,100.0,100.0,433.0,200.0,27350,12700,5470.0,2540.0,14650,2930.0,0,0.0,0.0,0,0,0,0,0,0,0,T,109.4375,ecstatic-vs-havu-m3-overpass
34,20,260043,de_overpass,20,95,0,5,5,0,500.0,500.0,100.0,100.0,433.0,500.0,27750,30150,5550.0,6030.0,-2400,-480.0,0,0.0,0.0,0,0,0,0,0,0,0,T,109.4375,ecstatic-vs-havu-m3-overpass
34,30,260683,de_overpass,30,85,1,5,5,0,500.0,500.0,100.0,100.0,433.0,500.0,27650,30050,5530.0,6010.0,-2400,-480.0,0,0.0,0.0,0,0,0,0,0,0,0,T,109.4375,ecstatic-vs-havu-m3-overpass
34,40,261323,de_overpass,40,75,1,5,5,0,500.0,500.0,100.0,100.0,433.0,500.0,27650,30050,5530.0,6010.0,-2400,-480.0,0,0.0,0.0,0,0,0,0,0,0,0,T,109.4375,ecstatic-vs-havu-m3-overpass
34,50,261963,de_overpass,50,65,1,5,5,0,484.0,414.0,96.8,82.8,433.0,499.0,27650,30050,5530.0,6010.0,-2400,-480.0,0,0.0,0.0,0,0,0,0,0,0,0,T,109.4375,ecstatic-vs-havu-m3-overpass
34,60,262603,de_overpass,60,55,1,4,4,0,372.0,314.0,93.0,78.5,342.0,399.0,22650,24600,5662.5,6150.0,-1950,-487.5,0,0.0,0.0,0,0,0,0,0,0,0,T,109.4375,ecstatic-vs-havu-m3-overpass
34,70,263243,de_overpass,70,45,2,3,4,-1,272.0,314.0,90.66666666666667,78.5,242.0,399.0,17650,24600,5883.333333333333,6150.0,-6950,-266.66666666666697,0,0.0,0.0,0,0,0,0,0,0,0,T,109.4375,ecstatic-vs-havu-m3-overpass
34,80,263883,de_overpass,80,35,2,3,4,-1,272.0,220.0,90.66666666666667,55.0,242.0,391.0,17650,24600,5883.333333333333,6150.0,-6950,-266.66666666666697,0,0.0,0.0,0,0,0,0,0,0,0,T,109.4375,ecstatic-vs-havu-m3-overpass
34,90,264523,de_overpass,90,25,2,3,3,0,272.0,214.0,90.66666666666667,71.33333333333333,242.0,299.0,17650,16950,5883.333333333333,5650.0,700,233.33333333333303,0,0.0,0.0,0,0,0,0,0,0,0,T,109.4375,ecstatic-vs-havu-m3-overpass
34,100,265163,de_overpass,100,15,2,3,2,1,272.0,200.0,90.66666666666667,100.0,242.0,200.0,17650,11600,5883.333333333333,5800.0,6050,83.33333333333303,0,0.0,0.0,0,0,0,0,0,0,0,T,109.4375,ecstatic-vs-havu-m3-overpass
35,10,266407,de_overpass,10,105,0,5,5,0,500.0,500.0,100.0,100.0,411.0,200.0,23450,11400,4690.0,2280.0,12050,2410.0,1,4.96875,35.03125,0,0,0,0,0,0,0,CT,134.65625,ecstatic-vs-havu-m3-overpass
35,20,267047,de_overpass,20,95,0,5,5,0,500.0,500.0,100.0,100.0,441.0,500.0,28850,25800,5770.0,5160.0,3050,610.0,1,14.96875,25.03125,0,0,0,0,0,0,0,CT,134.65625,ecstatic-vs-havu-m3-overpass
35,30,267687,de_overpass,30,85,1,5,5,0,500.0,500.0,100.0,100.0,441.0,500.0,28850,26800,5770.0,5360.0,2050,410.0,1,24.96875,15.03125,0,0,0,0,0,0,0,CT,134.65625,ecstatic-vs-havu-m3-overpass
35,40,268327,de_overpass,40,75,1,5,5,0,500.0,495.0,100.0,99.0,441.0,497.0,28550,26800,5710.0,5360.0,1750,350.0,1,34.96875,5.03125,0,0,0,0,0,0,0,CT,134.65625,ecstatic-vs-havu-m3-overpass
35,50,268967,de_overpass,50,65,1,4,4,0,400.0,400.0,100.0,100.0,351.0,400.0,23150,20200,5787.5,5050.0,2950,737.5,1,44.96875,0.0,0,0,0,0,0,0,0,CT,134.65625,ecstatic-vs-havu-m3-overpass
35,60,269607,de_overpass,60,55,1,4,4,0,400.0,400.0,100.0,100.0,351.0,400.0,23150,20200,5787.5,5050.0,2950,737.5,1,54.96875,0.0,0,0,0,0,0,0,0,CT,134.65625,ecstatic-vs-havu-m3-overpass
35,70,270247,de_overpass,70,45,2,4,4,0,400.0,400.0,100.0,100.0,351.0,400.0,23150,20200,5787.5,5050.0,2950,737.5,1,64.96875,0.0,0,0,0,0,0,0,0,CT,134.65625,ecstatic-vs-havu-m3-overpass
35,80,270887,de_overpass,80,35,2,3,4,-1,300.0,400.0,100.0,100.0,251.0,400.0,15600,23000,5200.0,5750.0,-7400,-550.0,1,74.96875,0.0,0,0,0,0,0,0,0,CT,134.65625,ecstatic-vs-havu-m3-overpass
35,90,271527,de_overpass,90,25,2,3,4,-1,300.0,400.0,100.0,100.0,251.0,400.0,15600,23000,5200.0,5750.0,-7400,-550.0,1,84.96875,0.0,0,0,0,0,0,0,0,CT,134.65625,ecstatic-vs-havu-m3-overpass
35,100,272167,de_overpass,100,15,2,3,3,0,300.0,300.0,100.0,100.0,251.0,300.0,15600,17400,5200.0,5800.0,-1800,-600.0,1,94.96875,0.0,0,0,0,0,0,0,0,CT,134.65625,ecstatic-vs-havu-m3-overpass
